image: cafe_test.pgm
resolution: 0.050000
origin: [-2.727926, -1.508601, 0.000000]
negate: 0
occupied_thresh: 0.65
free_thresh: 0.196

