image: cafe01.pgm
resolution: 0.050000
origin: [-2.725045, -1.501579, 0.000000]
negate: 0
occupied_thresh: 0.65
free_thresh: 0.196

